function [Npar VarLow VarHigh]=bounds()
Npar = 13;
VarLow=[0 0 0 0 0 0 0 0 0 0 0 0 0];
VarHigh = [1 1 1 1 1 1 1 1 1 100 100 100 1];